notebooks/DrizzlePac/align_to_catalogs/sdss.ecsv
# %ECSV 1.0
# ---
# datatype:
# - {name: ra, datatype: float64}
# - {name: dec, datatype: float64}
# - {name: g, datatype: float64}
# meta: !!omap
# - comments: [Table1]
# schema: astropy-2.0
ra dec g
[from data line 1127]
290.171251485649 37.8040778902414 21.45881
290.171648804074 37.8054743190499 20.14072
290.171649860055 37.8054788866054 20.18608
290.174046498041 37.8073029749492 23.74379
290.173383101788 37.8063627705749 21.03336
290.164626934686 37.8081160750294 18.63005
290.164619291892 37.8081134769239 18.53192
290.165771150725 37.7961527626905 18.86667
290.165769649127 37.7961489094087 18.72985
290.164459257994 37.7973311888488 18.40729
290.164452873666 37.7973290180138 18.28335
290.166754277019 37.8010987769528 16.81023
290.166747233736 37.8010953965599 16.76812
290.16781223495 37.8001815776296 19.64939
290.169161479536 37.7938475267375 18.98271
290.169157059412 37.7938289704902 18.77019
290.17013098057 37.7940858103008 18.33694
290.170132107857 37.794086952571 18.26177
290.174922542053 37.7983932556038 15.47643
290.17491585558 37.7983755976388 15.19234
290.174688313328 37.7981327223259 16.85017
290.170160768357 37.7978276386268 18.17222
290.170154486237 37.7978327837534 18.07073
290.170758590259 37.7987222773389 19.29033
290.170750131133 37.7987225945559 19.26102
290.255550815033 37.7796050860639 18.07687
290.255534358612 37.7796189456212 17.93204
290.253186827184 37.7743798531964 18.87304
290.253169368448 37.7743970609987 18.68024
290.2571225097 37.778064685371 19.10001
290.257105636137 37.7780822387298 19.06579
290.257330828725 37.7755573062183 18.04858
290.257323010552 37.7755801094219 17.99358
290.256966948833 37.7766764779034 19.09567
290.254427043009 37.7761216321877 19.07441
290.254812146807 37.7753636709813 17.66742
290.254791461417 37.775385084687 17.54395
290.254554236323 37.7760679348008 19.06447
290.253612598615 37.7776766230448 15.35892
290.253599343302 37.7776801996615 15.3624
290.253595833327 37.77769121042 15.29441
290.249541702239 37.7661156417859 18.15351
290.249513428853 37.766140425408 18.23429
290.249792057949 37.7675744580797 15.2519
290.249769463562 37.7675931605847 15.22341
290.24975779584 37.7675892355813 15.29345
290.250714188264 37.766639698992 17.98717
290.254780469431 37.769593760204 17.54782
290.254760139777 37.7696129813591 17.51543
290.253520623671 37.769465213462 17.25086
290.25349054471 37.7694834268677 17.16482
290.264054791741 37.7721491653582 17.39878
290.264083023685 37.7721886558699 16.73537
290.262740722687 37.7734593870214 18.95951
290.262719279686 37.7734799387296 18.68846
290.262720854433 37.7723224350216 18.02098
290.262701785055 37.7723355084435 19.25533
290.257898719528 37.7716501481948 18.38651
290.257871258141 37.7716675439181 18.23122
290.256404083008 37.7714495316964 17.9856
290.256385236221 37.7714700730755 17.81541
290.248103659105 37.7621548509334 18.90798
290.247629372706 37.7575764991815 20.25511
290.253619900651 37.7594090444894 15.37803
290.253607217204 37.759410613876 15.4282
290.253596835545 37.7594225682578 15.29604
290.252630888238 37.7606835125457 17.79433
290.252601897234 37.7606984286811 17.84038
290.247920009037 37.7573280018435 18.8486
290.249816555748 37.7568532620597 19.87843
290.248235886617 37.7567495092905 16.04494
290.248214704077 37.7567613511517 15.96752
290.248212676367 37.7567624918059 15.98829
290.266936419936 37.7687386449651 16.7602
290.266916642714 37.7687561493227 18.60778
290.266368317579 37.7672187276356 16.83453
290.266343677507 37.7672381943961 16.51514
290.265366211813 37.7682413152128 19.78558
290.265348387696 37.7682618361362 19.18884
290.261366542206 37.7668494084098 18.39495
290.261374242767 37.7668762259396 18.47279
290.261805523987 37.7655328712078 18.82433
290.261784208854 37.7655558178413 18.58829
290.263889114298 37.7668563663974 19.87108
290.262073228335 37.7677485131948 15.38464
290.262093306865 37.7677313590195 15.47496
290.26207596978 37.7677360406572 15.44282
290.251435995477 37.7635687495265 19.57961
290.251421005624 37.763585017761 19.36459
290.251568905978 37.7656672865402 19.25943
290.251497733379 37.7657547426848 20.07803
290.255270842356 37.7606691169359 19.36699
290.25522655074 37.7606304374296 18.87228
290.252892021059 37.7624537263874 19.6321
290.252870031107 37.7624712951381 18.78847
290.252821221962 37.7619046288652 17.24971
290.253988887999 37.7613080032402 19.353
290.253959197891 37.7613277560316 19.11446
290.253291372433 37.7658761723506 19.15703
290.252569373036 37.7633790654293 18.72972
290.252611011282 37.7633591249586 18.79753
290.259025875968 37.7610058075149 19.08405
290.259004430749 37.761018309401 18.95383
290.257551895313 37.7615943777701 17.60945
290.257533268173 37.7616094064388 17.45953
290.257786038485 37.763123721343 17.9753
290.257763232181 37.7631394092542 17.8476
290.201778744306 37.8232695254833 18.99852
290.201793622956 37.8232624200357 19.1284
290.201792800118 37.8232579345522 18.96936
290.204894134873 37.8207099040835 17.09437
290.204880186861 37.8207303964709 17.06416
290.20489383303 37.8207212640956 17.13384
290.204892382325 37.8207218321314 17.05021
290.204057689199 37.8228881214469 17.00072
290.204072543591 37.8228811405795 17.06109
290.204067491588 37.8228802075402 16.98769
290.204071559183 37.8228678960524 17.02565
290.199197643575 37.8136471576722 18.95737
290.19919535967 37.8136395696674 18.73064
290.200223146301 37.8159565995494 19.49812
290.200214062399 37.8159533628649 19.23472
290.199805191007 37.8148643187779 18.0835
290.199803522919 37.8148587616494 17.97464
290.200882972995 37.8137206587758 17.30989
290.200875928446 37.8137127954412 17.2755
290.211998969286 37.8152571946192 17.37658
290.212030547442 37.8152558608702 18.05136
290.212016213546 37.8152489874269 17.39617
290.212008213765 37.8152468886536 17.32703
290.207474668649 37.8165426691352 20.32239
290.207469231001 37.8165326473223 20.33007
290.207080429457 37.8158031101722 19.57439
290.207077236963 37.8158055489201 19.38941
290.20822537413 37.8169930455443 19.95637
290.208220112089 37.8169962412632 19.80139
290.210944391486 37.8175784442651 17.7974
290.21031940452 37.8164700843531 20.4396
290.205963685586 37.8129686285392 17.30118
290.206633114916 37.8196199925811 17.79104
290.206648384111 37.8196105179723 17.89828
290.206644205816 37.8196098302755 17.7819
290.20266922465 37.8194523199081 18.52608
290.202685487187 37.819444699351 18.66333
290.202682023945 37.8194426717708 18.50955
290.203604858829 37.8186420382647 19.14859
290.203612151735 37.8186408852708 19.27461
290.203603621163 37.8186428574338 19.03331
290.195629252212 37.800776144057 19.21828
290.195589771541 37.8008130361864 18.62937
290.194219095114 37.7993479654683 17.20509
290.194191411593 37.7993668518113 17.13022
290.197407947325 37.7995091454879 18.30476
290.197397081705 37.7995077496999 18.11591
290.207945821281 37.7995477961156 18.66319
290.20799829577 37.7995195551301 18.79379
290.206181114826 37.7994938301123 18.48845
290.20616822346 37.7994973948716 18.33847
290.207436734512 37.8000891851364 17.92425
290.207420735059 37.8000952805429 17.90743
290.203050265157 37.8012477340052 16.72858
290.202657191615 37.8008028737147 16.61913
290.203353745555 37.800069072723 19.35148
290.206380373345 37.8012344672065 19.50781
290.198434263725 37.807712830429 17.41211
290.198431215515 37.8077131071878 17.3049
290.196056004046 37.8039292234238 18.99444
290.196049161909 37.8039303551226 18.86539
290.202354163498 37.8050864281898 19.67348
290.201691672877 37.801085795467 17.81328
290.201696642886 37.8010855456694 17.10012
290.202534521999 37.8022754940836 17.09958
290.202525830444 37.802279145789 17.26108
290.198856604792 37.798555951881 18.61409
290.198848141047 37.7985585650383 18.47142
290.199117755171 37.7998767800432 18.33694
290.199111752803 37.7998786967666 18.22047
290.223736935618 37.8076514524241 17.85751
290.223795039955 37.8076870895627 18.26271
290.222433050037 37.807812212389 14.72454
290.22242787083 37.8078296987621 14.83361
290.222598014307 37.8079124405576 14.91693
290.222621368741 37.80272631901 17.55221
290.222638839483 37.8027163311984 17.67695
290.221622639841 37.8049864106978 19.05047
290.221596351137 37.8049901660776 18.86437
290.222554874828 37.8039952410223 19.40186
290.222584518311 37.8039816829427 19.54585
290.216286129173 37.8131603274015 18.95615
290.216269145433 37.8131671644345 -9999.0
290.216274289069 37.8131598996484 18.78491
290.213469513681 37.8097632497637 18.4399
290.213483970034 37.8097636783975 18.55946
290.220495165427 37.8103965577218 17.98728
290.219973448336 37.8099773577017 17.77689
290.218671076008 37.8096256904598 18.55207
290.218664274851 37.809617678454 18.32459
290.217072131545 37.8122830889842 -9999.0
290.217021412972 37.8122286725532 18.07431
290.217003574292 37.8122313312273 18.00197
290.213877475504 37.8113602205187 18.60876
290.213863889868 37.8113595267437 18.50075
290.213412096621 37.8003646955558 19.3673
290.213397948692 37.8003702190122 19.17343
290.215486705859 37.8020565173349 17.4192
290.21546473087 37.8020609841379 17.19546
290.212398580385 37.8068031939569 18.82961
290.212399831263 37.8068009277055 18.68505
290.211734695854 37.8029703506523 18.60437
290.211707120914 37.8029795698192 18.4152
290.214797029414 37.8018721380924 17.80537
290.214764591978 37.8018674162398 18.30376
290.217332123529 37.8044389749069 18.70303
290.2173132207 37.8044524887323 18.58381
290.218002485842 37.8035234222384 18.45197
290.217973430755 37.803527559605 18.13807
290.217162674131 37.8085400523638 19.18266
290.217151850887 37.8085419053546 19.0271
290.219153049376 37.8076099767174 18.49488
290.219130227854 37.8076121233509 18.41497
290.219169720243 37.8090957592124 19.2607
290.217340311618 37.8056647427524 19.27079
290.217313844531 37.8056647753565 18.84791
290.218290403831 37.8067902154502 18.74266
290.218276788874 37.8067918157558 18.55628
290.208134948284 37.8022850580722 24.32686
290.210784006719 37.8038169355316 17.32361
290.210770446799 37.8038186541311 17.55683
290.210478110384 37.8046434848976 18.83822
290.206253473022 37.8051522779495 18.40738
290.206237576401 37.805159416515 18.53178
290.206324723228 37.8043884996827 18.40617
290.206312990557 37.8044054546641 18.16875
290.206911936079 37.802374466457 17.42515
290.206899640694 37.8023770164399 17.23941
290.209155721075 37.803751822359 18.13865
290.209139859429 37.8037537825829 17.94983
290.212295935068 37.8133558985953 19.50716
290.212289874067 37.8133445570154 19.25444
290.212904519657 37.8144910776858 -9999.0
290.212917889143 37.8144842494739 18.03737
290.212910853519 37.814484173502 17.90279
290.208561292792 37.8129244129391 18.42717
290.208551836841 37.8129179877302 18.31087
290.212035604933 37.8081318846463 18.15486
290.21202550229 37.8081312430547 18.04879
290.211737400318 37.8103929312293 18.71189
290.211730621488 37.8103923850154 18.56922
290.210461976093 37.8133680863117 17.79355
290.210463005263 37.8133694388874 17.5897
290.21058988182 37.8126762328117 17.46155
290.210572729327 37.8126847237344 18.22771
290.209970232994 37.8120928249069 18.59195
290.200679379782 37.809292168474 18.06806
290.200668283913 37.8092889569073 17.98665
290.199400162745 37.8089668801378 18.97009
290.199394870508 37.8089629024651 18.92478
290.203705384186 37.8051888359776 16.91484
290.203698187262 37.8051921972128 16.80847
290.208876786535 37.8087513103932 20.37012
290.208869002146 37.8087506081201 20.06594
290.20602080718 37.8086035012742 18.03745
290.206007137998 37.8086030240871 17.88245
290.207635703278 37.8082385664685 19.16985
290.207624286304 37.8082370935738 19.05166
290.188599339267 37.763520222771 17.5537
290.18858475067 37.7635257818441 17.46991
290.197793242027 37.7665630526124 18.0195
290.197773710412 37.7665696326193 17.82549
290.194323996642 37.7690325748827 18.74336
290.194311528705 37.7690332707985 18.2951
290.193201564192 37.7652313057196 18.24897
290.193188264368 37.7652369119877 18.06016
290.192683348681 37.7679645544022 19.25329
290.1926563184 37.7679565162877 18.87177
290.193498255236 37.7670652781001 18.10299
290.193480927813 37.7670699500628 18.00091
290.195347047995 37.7662724260675 18.92979
290.195353791219 37.7662872142632 18.4101
290.195090727384 37.7678055564935 17.58724
290.195130470296 37.7677855880889 17.74913
290.187648125605 37.7764570752653 19.29622
290.187636900473 37.7764578656625 19.06992
290.186287097816 37.7739500756806 18.84689
290.187035648129 37.7743063617219 19.90804
290.184581309107 37.770254015099 17.00835
290.184569865331 37.7702559664851 16.98006
290.185948359138 37.7701600473266 19.57633
290.185804173846 37.7701892913728 17.21074
290.191775943223 37.7720546588414 18.47772
290.191786576386 37.7720569886973 18.56689
290.187970789054 37.7720336240543 18.96867
290.187928185392 37.7720097473901 19.09534
290.188770530207 37.7734718724798 18.89851
290.188746519506 37.7734852327133 18.66888
290.186266177658 37.7739196818865 18.96351
290.186927524567 37.7726624011987 15.04208
290.18692871686 37.77265150184 14.96261
290.186920143675 37.7726638056852 14.98948
290.18984383802 37.770206244353 17.50677
290.189803102025 37.7702114018268 17.35775
290.192075670606 37.7697879478131 18.44715
290.192065342198 37.7697819412409 18.3305
290.190758072469 37.7705137388357 17.21997
290.190745937952 37.7705134210996 17.50205
290.185013381899 37.7694342625169 18.50669
290.185001358386 37.7694658154029 18.23618
290.18973582759 37.7650839145271 18.99115
290.189720361315 37.7650868564276 18.85559
290.214148761261 37.7728786750905 18.20672
290.21364285017 37.7709078736019 17.67196
290.213625483936 37.7709203364304 17.29715
290.215163738065 37.771664355395 20.02746
290.211567502434 37.7760390640354 14.07923
290.21157658108 37.7760392353588 14.12895
290.211519014627 37.7759587353979 14.44245
290.212814017559 37.7742140366029 15.26427
290.212755186169 37.7741203544932 18.87359
290.212238518532 37.7716960074153 18.35294
290.212236420892 37.7717002339023 17.77265
290.204800675779 37.7818763837623 18.00337
290.204783567122 37.7818781219641 17.87804
290.203731683623 37.7790044219489 17.35162
290.20371038962 37.7790031011326 17.17496
290.205498712153 37.7801472237889 18.17566
290.205473094283 37.7801518380228 17.92441
290.204493856009 37.7804489611123 19.79299
290.203352916518 37.7772004873409 19.50708
290.203741206018 37.7761184701164 20.00712
290.204656290659 37.7780872896885 20.20313
290.200786715987 37.7692780737789 17.42318
290.200766642898 37.7692720946764 17.34748
290.203655777052 37.7727425258213 19.33962
290.201561808748 37.770116389785 18.8521
290.2015920531 37.7701208539317 19.15667
290.20254201119 37.7698361578772 19.64586
290.202519791007 37.7698464206415 18.96833
290.203606647306 37.7743512344518 16.80774
290.203596327261 37.7743484076027 17.09165
290.204743782591 37.7748896577815 19.0069
290.204760295556 37.774884737101 19.29542
290.208313124152 37.7693502903479 18.96239
290.208285446658 37.7693681011379 18.86042
290.20830535943 37.770413429188 17.26836
290.208285845866 37.770419847474 17.43959
290.209101334504 37.7716765348933 18.41289
290.206019848756 37.7713417517962 18.3804
290.205986053572 37.7713719693113 18.31994
290.209152635335 37.7729870117978 16.54814
290.209133568591 37.7729916276591 16.59026
290.208331811731 37.7729589687159 18.22615
290.191934512455 37.7933184131299 19.56614
290.191930899212 37.793318073879 19.46319
290.192021275218 37.7922522848774 17.98492
290.192012234198 37.7922576852521 17.87115
290.191508220009 37.7867920745815 17.97418
290.19149706865 37.7867940241706 17.84561
290.201080056918 37.7828017773566 18.54237
290.201067512756 37.7828057126024 18.43764
290.20074960513 37.7859171493672 19.01933
290.200731433086 37.785919820265 17.931
290.196311287274 37.7811868859535 18.16138
290.196297509563 37.7811932385406 18.05815
290.198076042004 37.7834849062957 19.54239
290.198151851952 37.7835066421813 18.65827
290.199444301322 37.7847407502672 18.31954
290.19940922155 37.7847511896274 17.9895
290.198999953994 37.7831483248544 17.50099
290.199497595995 37.7835814927631 17.6534
290.195427510517 37.7817323038781 18.47872
290.195418958944 37.7817454553349 18.28429
290.195763619393 37.7822576960175 19.4135
290.195773723302 37.7823037862042 19.62745
290.193127256557 37.7869628317725 18.38964
