notebooks/DrizzlePac/align_to_catalogs/sdss.ecsv
# %ECSV 1.0
# ---
# datatype:
# - {name: ra, datatype: float64}
# - {name: dec, datatype: float64}
# - {name: g, datatype: float64}
# meta: !!omap
# - comments: [Table1]
# schema: astropy-2.0
ra dec g
290.203062469049 37.8284558064513 18.85147
290.202835080385 37.827934351748 -9999.0
290.202824930811 37.8279347406866 18.84776
290.217936958777 37.8312822178273 23.9199
290.210249524598 37.832152102827 17.15361
290.209206019376 37.835720854937 -9999.0
290.209215663888 37.8357188564505 -9999.0
290.209232479979 37.8357102695015 18.01884
290.210223106997 37.8343053865869 17.76188
290.237234742403 37.8371145123708 25.23279
290.236098724388 37.8373033383654 22.52857
290.236098970787 37.8373021979535 22.40767
290.22119452788 37.8321228959879 18.37199
290.222579283003 37.8327612265359 19.10128
290.221906553739 37.8349110637626 17.84516
290.22329912014 37.8387737846519 16.50714
290.223699491654 37.8399341827579 15.41565
290.223713683783 37.839914081809 15.32842
290.208672765076 37.84609480829 18.24906
290.215050745128 37.8460507590732 -9999.0
290.209881110157 37.8486633325328 18.44494
290.223499085949 37.8486940740877 22.04434
290.217265008325 37.8485328659477 -9999.0
290.217274043591 37.8485311649161 -9999.0
290.212909005362 37.8489820456577 24.45229
290.212906217739 37.848967062142 24.26551
290.213256549833 37.8509136586901 19.69515
290.213246193317 37.8509149375989 19.69361
290.213265435585 37.8509121907775 19.71346
290.213265404866 37.8509122025416 19.71622
290.213260674386 37.8508947548253 19.71238
290.213260700151 37.850894748655 19.71046
290.213961481824 37.8501855037771 23.40882
290.213949958472 37.8501877420206 23.34807
290.220635142989 37.8345114701473 19.06453
290.221132158343 37.8382183906 14.964
290.221156343078 37.8381977657463 14.85557
290.216002809406 37.8360468260123 19.24393
290.217206306465 37.8381763717849 19.2072
290.218657017141 37.8376319642789 15.2548
290.218643134024 37.8376518183702 15.21389
290.215487384707 37.8404579651937 23.3516
290.215487369435 37.8404580581107 23.37671
290.21642298771 37.8413009971277 25.6209
290.242319994218 37.842038449075 18.05597
290.25451015151 37.841770039346 19.1365
290.248937139522 37.8409549227303 18.91329
290.242627671907 37.8436969258392 18.64577
290.245426421831 37.8441610363125 14.79036
290.245486851388 37.8442631483531 15.06669
290.225577103764 37.8512514078843 20.12031
290.237878365241 37.8419378549373 17.78093
290.237993593456 37.8407479791807 19.80235
290.237826197728 37.8511581457902 20.1675
290.238272464528 37.8472157208931 23.91257
290.238273990395 37.8472177801772 23.96553
290.239554520376 37.8504535817357 17.96019
290.231947092553 37.8449495278923 24.80951
290.230861832052 37.8488623777317 19.39
290.232377988811 37.8476011768507 23.42092
290.232238857477 37.8483352739652 24.177
290.233100838655 37.8455013351723 20.63605
290.238174158558 37.8465301248346 23.87099
290.228141960426 37.8489649499483 15.71009
290.228141954949 37.8489649371386 15.70405
290.231384807957 37.8517485287058 18.11864
290.197790259164 37.826105152547 19.90859
290.195753307617 37.8301568992618 18.06117
290.195748667071 37.8301537634376 18.05379
290.195121593525 37.8272464763151 22.86785
290.195119791291 37.8272253164565 22.84509
290.189938951934 37.8366772675396 21.13865
290.18993309947 37.8367111623168 26.32589
290.18994067448 37.8366682303191 -9999.0
290.190126262247 37.834781134266 21.25206
290.190124631162 37.8347784751031 18.60804
290.190129074223 37.8347788848307 -9999.0
290.190128710828 37.8347730463645 18.09416
290.192726830661 37.8327859277267 19.06297
290.192700057254 37.83280878448 19.16576
290.192714984335 37.8328028945576 18.87202
290.192710295532 37.8328046591206 19.03901
290.188762941633 37.8335099659474 21.18032
290.188767200523 37.8335053510745 18.17448
290.188770051458 37.8335067059018 18.24992
290.188772443985 37.8335076989455 18.17396
290.187518377894 37.8233064996321 18.79091
290.187513787187 37.8233009489419 18.62346
290.187459571239 37.8233950608646 -9999.0
290.187619619186 37.8234228298812 -9999.0
290.190184409671 37.8240400627354 22.24336
290.185898567628 37.8265913611114 20.11158
290.188943322881 37.8263617322927 20.65392
290.187292011579 37.8242541594487 18.234
290.187290567918 37.824260681699 -9999.0
290.187288971491 37.8242620664899 18.53675
290.187280751864 37.8242619922345 -9999.0
290.18823705956 37.8253272252424 17.58372
290.188231301701 37.8253585029008 17.60336
290.18822330179 37.825360832565 17.59055
290.188213369299 37.8253619397916 17.58779
290.188232306131 37.8253576339835 17.71524
290.188225671846 37.8253606277762 17.57814
290.19240378063 37.8265626840723 18.35985
290.193015558616 37.8311064475467 17.92929
290.193012641678 37.8311107791425 17.8846
290.19301576646 37.8311039227551 17.90312
290.193002330538 37.8311117495775 17.87953
290.193015598444 37.8310903481323 17.85004
290.193010102055 37.8310987594657 17.8243
290.193125452468 37.8299872279347 17.41158
290.193118519409 37.8299897589866 17.41995
290.193119280273 37.8299700953887 17.43665
290.193108419585 37.8299902967683 17.41493
290.193121901828 37.8299857020396 17.49349
290.193117359126 37.8299855113253 17.36365
290.191270463219 37.8300599119584 18.74422
290.191272691236 37.8300573129644 18.7756
290.191260424757 37.8300610795389 18.74807
290.191275004432 37.8300576497671 18.7965
290.191270303167 37.8300551735487 18.59349
290.191356591034 37.829048705196 18.47233
290.191346918123 37.8290502143881 18.44048
290.191352422044 37.8290365936715 18.40029
290.191356709413 37.8290367842097 18.48336
290.191297280228 37.8289866071349 18.84417
290.178626810462 37.8356210678525 19.32369
290.178606681224 37.8356237191281 -9999.0
290.178681512194 37.8356240496447 -9999.0
290.178664814569 37.8356209495948 -9999.0
290.180817716177 37.8367884400176 17.20898
290.180817704745 37.836788355745 17.20758
290.180784524499 37.8367178436733 -9999.0
290.18234224795 37.8388268826426 21.41599
290.182349559357 37.838836857154 21.10761
290.169751540356 37.8225009416973 17.53418
290.169751653055 37.8225008833652 17.53145
290.169602096791 37.8225482672207 -9999.0
290.171273004393 37.8209024308254 24.53926
290.182136897442 37.8212641503643 17.95744
290.181532427352 37.8217608162662 19.70764
290.181535161875 37.8217632275124 19.16046
290.175440554941 37.8198940127856 19.77699
290.175425790194 37.8198892647751 19.63237
290.175318784872 37.8293349727083 -9999.0
290.175333152015 37.8293270812477 18.38934
290.175260270816 37.8293581828758 -9999.0
290.175317556537 37.8293308028686 18.26527
290.173931998311 37.8291496969004 19.72961
290.173925582769 37.8291362640433 -9999.0
290.173908245402 37.8291616056607 -9999.0
290.173907706562 37.8291609574743 -9999.0
290.17391691534 37.829153817109 19.55099
290.172508824371 37.8227178896376 17.88017
290.172511360005 37.8227061891936 17.89598
290.172498842452 37.8227918192995 -9999.0
290.174595905607 37.8322500211448 -9999.0
290.17467781384 37.8322266144879 25.11461
290.175347722605 37.829365783854 19.09673
290.178209723646 37.8317889513043 26.1892
290.175600508875 37.8328091619404 19.26505
290.175591842497 37.8328109896205 19.19621
290.175604450956 37.8328005028922 19.29141
290.175557508449 37.8327807701006 -9999.0
290.175582998077 37.8328077897909 -9999.0
290.174859546885 37.831419011044 19.72725
290.174870516588 37.8314150565551 19.83943
290.174846523937 37.8314203737341 -9999.0
290.182519444799 37.8243786136229 20.13057
290.183946839437 37.8237278110166 -9999.0
290.183942670113 37.8237225456812 -9999.0
290.183831166512 37.8237368705807 19.86258
290.183555977179 37.8281614103137 18.95777
290.181434611267 37.8248543080317 -9999.0
290.181444470461 37.8248520168818 -9999.0
290.18144473294 37.8248364884532 19.75969
290.187134525258 37.8370654047722 19.2332
290.186287525161 37.8322837136742 19.4192
290.186298567485 37.832282099976 19.62411
290.186295908602 37.832282268171 19.50045
290.186286394135 37.8322853493057 19.33383
290.185039782633 37.8341386971617 17.97403
290.185031150089 37.834139662584 17.89864
290.185043191317 37.8341345293477 17.93645
290.185029718381 37.8341366684668 17.86436
290.18455934089 37.8299124739196 19.64592
290.180328659475 37.8353298977484 24.1961
290.178418742649 37.8285822908703 22.77503
290.166500718045 37.819571374133 -9999.0
290.166507804484 37.8195664095186 19.8922
290.201055136504 37.8289666461101 -9999.0
290.201047396288 37.8289680961156 -9999.0
290.20103651174 37.8289691225107 18.40883
290.201047406876 37.8289677095405 18.49052
290.201580468467 37.8333110805376 18.53931
290.20160619929 37.833284029296 19.83684
290.201570454917 37.8333121335223 18.88593
290.198538199663 37.8318282776905 18.80087
290.198536188127 37.8318281909026 -9999.0
290.198532185289 37.8318206653854 18.62881
290.206031580583 37.8417453196388 16.41003
290.206030612706 37.8417364031206 16.46769
290.206032429547 37.8417392994665 16.43927
290.206021067238 37.8417465472771 16.40912
290.203861150738 37.8414309865428 18.23737
290.203850714205 37.8414322899015 18.22295
290.203869431812 37.8414291288063 18.29222
290.201808810769 37.8406569818096 20.16648
290.202900852469 37.8385625548311 17.81673
290.195100884048 37.8371884562426 10.71169
290.195089634254 37.8371930844294 10.69997
290.195085179133 37.8371926083696 10.65238
290.193333371982 37.8380861321471 16.61762
290.192964930066 37.8356089528013 21.93568
290.192896575299 37.8356558605872 16.62011
290.192900038254 37.8356592030387 -9999.0
290.195037602821 37.8371967696356 10.49118
290.196958251714 37.8355782573764 18.4152
290.19697625434 37.8355247218234 21.29036
290.19897356986 37.8355871798897 16.10273
290.198964157513 37.8355839048882 16.06058
290.198951734127 37.8355851771044 16.05304
290.198962852131 37.8355689591132 16.03741
290.205497983106 37.8458343831828 22.29913
290.204416714138 37.8488557762976 19.68159
290.189868349526 37.8429214914149 21.75616
290.190848770049 37.8389361847267 17.51896
290.193174040819 37.839698894427 14.68231
290.193120475267 37.8397267416904 18.75648
290.19638134772 37.8408565696325 17.87459
290.19636221227 37.8408616964181 -9999.0
290.196367728597 37.8408553563827 -9999.0
290.196903502681 37.8403862267769 17.90862
290.196956798178 37.8403618724618 18.13259
290.196964076652 37.840357984312 17.41983
290.192667080553 37.8427458457342 19.33864
290.192675960043 37.8427440479968 19.37989
290.191874942723 37.8420417105753 19.40864
290.193248109048 37.8397339210824 15.00739
290.193271006568 37.839744485187 15.09296
290.198552526775 37.8413372273357 18.86997
290.198546449574 37.8413404447866 18.92269
290.1985608254 37.8413357560189 18.48127
290.19831058977 37.8431849019907 19.64162
290.198304670245 37.8431884688689 19.42383
290.198294737244 37.8431896009995 19.37071
290.19440206869 37.8452989151529 18.09984
290.209204009489 37.8249067379179 18.1045
290.209206268495 37.8248851604218 18.06111
290.209213213381 37.8248929109226 18.05962
290.208898993636 37.8242933660738 17.91498
290.208902739606 37.8242744709031 18.07983
290.208901977498 37.8242809979102 17.90822
290.211202822726 37.8215142804788 19.90835
290.211190798218 37.8215113876579 19.77263
290.212747607005 37.8284875107581 18.54191
290.213913198345 37.8289426856639 18.54434
290.215218989755 37.8259714803396 -9999.0
290.216066019784 37.8252183598706 -9999.0
290.216054324372 37.825236684561 17.86803
290.216063889897 37.8252291618021 17.8511
290.215943060114 37.8287173938586 18.6385
290.214311799523 37.8258926537496 17.65701
290.214298366444 37.8259147551307 17.66558
290.2143111666 37.825899401864 -9999.0
290.214309349739 37.8259050577516 17.50181
290.214100926451 37.8251337134524 19.76649
290.214114463746 37.8251268994051 19.552
290.214565977618 37.8240469298638 21.0214
290.214877111914 37.823476647238 18.20192
290.214888838031 37.8234678287463 18.15018
290.214880362199 37.8234707163454 18.0246
290.211719182268 37.8274808945182 20.04679
290.211456213724 37.8236373411175 19.48068
290.211463991317 37.8236342426463 19.36582
290.21146942772 37.823634801627 19.26489
290.210509625107 37.822215439407 20.12836
290.21051589696 37.8222016586665 20.21253
290.211465621286 37.8245984975554 18.37813
290.211476490433 37.82459034593 18.50634
290.211473795276 37.8245874591066 18.34756
290.226858334276 37.8056415899916 18.34594
290.226835402307 37.8056548927118 18.23231
290.225937845348 37.8065551034514 18.42146
290.225918634219 37.8065671704814 18.21023
290.227551367821 37.8114788434114 18.75847
290.227566200604 37.8114694340566 18.88038
290.227548110062 37.8114789535477 18.72384
290.223313326177 37.8094421666857 17.79462
290.223298266257 37.809445937192 17.71422
290.228741710823 37.8085635463306 19.21168
290.228758605717 37.8085490888037 18.92368
290.228017309106 37.8079187961643 18.66708
290.228005292312 37.8079321334665 18.44135
290.22688843947 37.8172715131976 19.26547
290.226862185502 37.8172524814539 19.15625
290.230608570685 37.8128012248884 17.63527
290.230597122845 37.8127990969092 17.82424
290.231233942263 37.8157195200721 18.21292
290.231231926084 37.8157958571173 17.32464
290.22780530265 37.8157329949903 17.40189
290.227963448609 37.8164649176077 17.31038
290.227969780221 37.8164467318582 17.37365
290.227950504238 37.8164485191176 17.1158
290.230507766789 37.816446604905 14.77203
290.23052887444 37.8164250341545 14.55258
290.230514349649 37.8164138485386 14.43817
290.230508326828 37.816425928653 14.4428
290.230451528918 37.8163133792955 14.6636
290.228821781692 37.8181528573881 19.30821
290.228793945823 37.8181526593857 19.4467
290.227512761216 37.8131521861738 19.81992
290.227526909263 37.8131429856432 20.01035
290.227512017619 37.813144650049 19.84402
290.235729769846 37.8345940732238 19.16122
290.235746069864 37.8345706971035 19.18201
290.230120987893 37.8339761829624 15.89662
290.230134618583 37.8339564422655 15.91094
290.234975271404 37.8315197998331 20.36536
290.234963488574 37.8315505869011 20.55336
290.23445526887 37.8308594968317 19.44787
290.234437968511 37.8308842148896 19.31592
290.234456565943 37.8308598445973 19.90195
290.234435639671 37.830879226207 19.92445
290.228384256924 37.8281021112664 23.57464
290.235176031926 37.8288273913702 21.50049
290.233553129649 37.8281711002413 24.05453
290.232410193684 37.8284034106687 24.73014
290.229824841618 37.832048972832 17.84824
290.226244147319 37.8211405583416 17.49887
290.229380184594 37.8229901939099 17.08916
290.229362226691 37.8230118687794 16.87854
290.221123862279 37.8251332518096 -9999.0
290.220671550697 37.8244813690712 -9999.0
290.22111565536 37.8251442378181 17.73735
290.224458860717 37.8267761676105 19.88277
290.219878803988 37.8235459664495 19.04079
290.21990384755 37.8235063146864 19.08135
290.221237613358 37.8208496203803 25.87493
290.224942882468 37.8254814001537 18.39143
290.223973905881 37.8220486555724 17.96367
290.255225472344 37.7884352421524 18.74606
290.255220164657 37.7884469606696 18.63767
290.252884700731 37.7874440232561 18.18736
290.252846002872 37.787471377175 18.32015
290.251850212337 37.7878008480474 16.37473
290.251830106694 37.7878119763645 16.35757
290.251844274129 37.7878050890934 16.67784
290.257750999233 37.7956032734838 19.33719
290.255701470511 37.7925662173384 18.51873
290.255680043882 37.7925847647018 18.34707
290.254375007456 37.7929693075667 16.7974
290.254353920121 37.7929838260745 16.69002
290.254353113092 37.7959183321073 18.57446
290.254328045761 37.7959366092744 18.46715
290.254745880116 37.7951964469914 19.62629
290.254722783712 37.7952126806008 19.35628
290.248681944482 37.7933140948084 19.25673
290.248641341594 37.7933263699883 19.01258
290.245782625173 37.7932363245606 18.9584
290.24579465272 37.7932108214341 17.32295
290.246343044099 37.7910443499082 18.90553
290.246302128473 37.7910592524771 18.80022
290.248729637647 37.7883111490612 19.85425
290.250530648082 37.788581289359 18.81265
290.250481214971 37.7886171779815 17.16929
290.248833530814 37.7905009960145 19.56871
290.249776934916 37.7894163276655 18.79267
290.258031172108 37.809573843 19.45854
290.25806051837 37.8095713517906 -9999.0
290.258262124281 37.8106449382689 17.33894
290.258270209653 37.8106224319725 17.42144
290.258252770886 37.810630660337 -9999.0
290.257691941642 37.8122773934185 16.04238
290.257671328008 37.8122981688072 16.20757
290.249873343765 37.8096693595648 18.50835
