notebooks/DrizzlePac/align_to_catalogs/sdss.ecsv
# %ECSV 1.0
# ---
# datatype:
# - {name: ra, datatype: float64}
# - {name: dec, datatype: float64}
# - {name: g, datatype: float64}
# meta: !!omap
# - comments: [Table1]
# schema: astropy-2.0
ra dec g
[from data line 1502]
290.201796376552 37.781604519269 19.08631
290.201806699841 37.7815994897301 19.14872
290.198276636638 37.7782531379082 17.90613
290.198261784966 37.778255660489 17.80183
290.198706424549 37.779497648662 18.60679
290.198692232146 37.7795055552376 18.4586
290.202300985869 37.7750565861602 17.30236
290.20304436393 37.7778222883566 18.72331
290.203059043134 37.7778111649303 18.70343
290.199521517678 37.7770047106409 17.99875
290.199507713903 37.7770075962999 17.88623
290.189130854586 37.7757327744879 17.80825
290.189116728614 37.775738064219 17.83259
290.189380235675 37.7769852802871 17.39805
290.189364613822 37.7769878067108 17.21889
290.194736288697 37.7776275123053 17.86845
290.194775955647 37.7776102329231 18.44087
290.193023961961 37.7770707101651 18.86705
290.193006474739 37.7770763116008 18.73947
290.199019479937 37.7684603617199 18.58066
290.199001794063 37.7684657018555 18.21361
290.200694919314 37.7731053187463 17.42062
290.200676677151 37.7731087920042 17.33053
290.195637770411 37.7707986297542 18.97468
290.195533569535 37.7715032613601 17.99264
290.195549215701 37.7715121318492 19.53439
290.198738137039 37.7702039504272 18.54604
290.198721130768 37.7702064769032 18.40444
290.20154930724 37.7749845039458 18.38815
290.201626882957 37.7749881392354 17.64311
290.19616432814 37.7751849442051 17.05632
290.195906761558 37.7761103376113 16.78762
290.195890713702 37.7761115165512 16.87245
290.197369298052 37.7742024656306 17.99639
290.197419053969 37.7741885651202 18.39404
290.19624121461 37.775215749973 18.46272
290.251653782696 37.7813588371977 17.80463
290.251635406262 37.7813692291073 17.69133
290.247275495642 37.7869099037609 17.90399
290.246456673511 37.7845208102426 18.86795
290.246478288609 37.7845088705108 18.78157
290.247005693356 37.782080284467 19.12766
290.240698111606 37.7911755176804 19.14222
290.240669273993 37.7911878683358 18.35354
290.241662678988 37.792025993748 17.11322
290.241640630296 37.7920412905811 18.73701
290.238424127884 37.7850929096344 19.36249
290.2384099642 37.7851006846452 19.72378
290.241371627548 37.7869098541457 18.68949
290.241392879182 37.7869057879834 19.40478
290.244756405874 37.787741443228 18.47249
290.24222850249 37.7873715027394 18.72466
290.24220311756 37.7873859344099 18.40615
290.24069958078 37.7889892259141 18.98469
290.240676875556 37.7890015069385 18.76448
290.235967667848 37.7766684531893 17.84401
290.239063122216 37.7776521051607 19.70654
290.239043682865 37.7776574987941 19.50944
290.237765901271 37.780991576441 18.76972
290.237772973381 37.7809648662936 17.18342
290.237181391844 37.781048400904 18.37914
290.240097579041 37.7817623343046 17.4184
290.241121668866 37.7816237527321 18.31248
290.241135920975 37.7816104564775 18.52945
290.237582295921 37.7806801793222 17.77869
290.237456816999 37.7805657084206 18.42184
290.239176821105 37.7807980331055 18.56169
290.239158451529 37.7808100422054 18.54629
290.24152749734 37.7821326654745 18.83297
290.241499511945 37.7821417323624 18.42872
290.241113292802 37.7853094792448 16.33037
290.24106983037 37.7852018617678 16.35773
290.241049521774 37.7852148878281 16.19885
290.241865652475 37.7840840212556 19.67008
290.241847152547 37.7840939273913 19.72367
290.244949003053 37.7849635810299 18.20077
290.244931562577 37.7849762989586 18.01459
290.245270482062 37.7833843654459 16.03785
290.245248913904 37.7833959404255 15.93342
290.242964015367 37.7855758228158 16.88704
290.242939566857 37.7855863443865 16.68827
290.227960900502 37.804050096095 17.79097
290.227976819191 37.8040364263918 17.89126
290.226727590284 37.799091872167 18.67046
290.230082097895 37.797603793622 20.6072
290.230057862877 37.7976129714697 20.45333
290.223284058811 37.788569650605 15.97604
290.223268426502 37.7885755072383 15.8374
290.223272739055 37.7885686903208 15.94621
290.226324340019 37.789743423018 18.81467
290.226308320774 37.789749913062 18.54922
290.2241477267 37.7899237313229 18.01854
290.22408514616 37.7899454943294 17.86431
290.22505194541 37.7910458247697 19.34766
290.22503541785 37.7910557135559 19.03411
290.226602754025 37.7911530607621 19.53821
290.22659279863 37.7911482264847 19.52668
290.232426148511 37.7918970871569 19.28124
290.232412164307 37.7919034410111 18.61686
290.234139246718 37.793912928375 19.50043
290.234112770607 37.7939197636428 19.27201
290.235793523047 37.7937782793981 17.90886
290.235810728734 37.7937706531451 18.01736
290.231278164768 37.791190815195 19.22533
290.231266057359 37.7911947509026 19.34011
290.230843001553 37.7970838957679 18.18857
290.230821682369 37.7970947246855 18.07916
290.225787682657 37.7745964384524 15.33673
290.225766607551 37.774598622905 15.34588
290.22577260203 37.7746011225232 15.25047
290.224208072817 37.7733247492634 18.4806
290.22044922263 37.7768630387813 17.51093
290.220431962428 37.776867036632 17.14255
290.220301785886 37.7757259127892 18.06025
290.220286546993 37.7757305394184 17.68132
290.221133137703 37.7736858281505 16.60398
290.221117051919 37.7736934555974 16.57314
290.232567147539 37.7784037377262 17.49318
290.232548634203 37.7784133989388 18.06439
290.23298187 37.776830981814 19.69648
290.228974320072 37.7797038683568 18.48977
290.23077455695 37.7797725225463 18.10836
290.227733067413 37.7747872746433 19.21725
290.230206170358 37.7767629165787 18.16437
290.230223839405 37.7767573829298 17.84821
290.2313268472 37.7786470150508 18.6464
290.230028380895 37.7776396620466 19.04213
290.22069171756 37.7811906608578 15.27377
290.221486434179 37.7833201577894 17.66772
290.221470202826 37.7833210596085 17.48729
290.227519116617 37.7819644844446 17.96131
290.227501646275 37.7819668766811 17.89869
290.22591635592 37.7822557987688 18.61759
290.224530393303 37.7811928079712 17.63373
290.224546430542 37.7811864111434 17.71721
290.226062939361 37.7806670719675 18.8286
290.227844829515 37.7788066550939 18.60976
290.221574094599 37.7795568838478 17.20337
290.224112852022 37.7802553395379 17.46093
290.224098899651 37.7802622302098 17.33233
290.224099371265 37.777526083826 18.38133
290.224756924933 37.7783059517508 16.79369
290.224764328453 37.7782885804384 16.7042
290.225814019385 37.7860627453623 18.97895
290.225438319058 37.7871118991797 19.16173
290.229236675691 37.7828709378282 18.1402
290.228046870642 37.7839290734364 18.42498
290.230822127577 37.7897686822577 17.64316
290.230829579449 37.7897906150903 17.21351
290.229224791807 37.7894395461522 17.27798
290.229209023567 37.7894543548932 17.55285
290.229606281013 37.7878505397095 14.86956
290.229611617673 37.787866801739 14.90853
290.229599651273 37.7878716924669 14.91691
290.235991993331 37.7778107494752 18.39618
290.235973174272 37.7778367701817 18.5444
290.23065560061 37.7819385040045 17.80342
290.230647512168 37.7819379771688 17.77523
290.233757170175 37.7804520028758 17.84284
290.233729390784 37.7804554805396 17.73779
290.239312514315 37.7889132747724 19.16319
290.23270541499 37.790481713391 18.66455
290.235099468765 37.7885914938999 16.93958
290.23603811048 37.7908694281493 19.34764
290.234034393298 37.7894333050209 17.58349
290.239161142007 37.7877800886287 17.04612
290.23914246815 37.7877898200161 16.93046
290.236607978465 37.7872589516206 17.97519
290.23658537599 37.78726810538 17.54234
290.239288459776 37.7889197266293 19.03065
290.237181079098 37.7891805707312 18.83922
290.237150496915 37.7891959989835 18.94367
290.237712602716 37.7850171935007 18.64961
290.237695720993 37.7850325946227 18.3859
290.232890379126 37.7872822093476 17.08578
290.234671335522 37.7865844289292 17.87934
290.233519153371 37.7863610406137 17.064
290.233553339354 37.7864111406275 19.24181
290.217225675353 37.7739260052716 18.8003
290.217537542659 37.7777710430105 17.44996
290.217681483914 37.7777893134896 15.83059
290.218280336254 37.7777112116759 17.74527
290.218301197639 37.7777029380006 17.79215
290.214064110179 37.7751499253211 14.96644
290.214044932502 37.7751533699347 14.79004
290.21405475745 37.7751592008007 14.91518
290.214350915903 37.7780235009281 16.13331
290.214284682533 37.7779390529077 15.97845
290.218178229209 37.7759003795432 18.07112
290.217658583148 37.7760552812191 19.2397
290.216132198424 37.7839615625378 18.56434
290.220677266082 37.7811856070888 15.21966
290.220676810684 37.7811928659226 15.277
290.218404608492 37.7822253550589 18.48865
290.207350110978 37.7830521958399 19.93952
290.207337995469 37.7830561047882 19.87148
290.206695709166 37.7818846160485 17.91133
290.2066774648 37.7818892392638 17.78987
290.212066418054 37.7809262121004 18.89125
290.210861597851 37.7826447731787 16.31734
290.211748468563 37.781792432688 16.95838
290.211929230945 37.7816958352007 17.29707
290.210837595137 37.7826559537886 17.10227
290.209904783799 37.7810708033992 18.30141
290.209882974283 37.7810780187474 18.14743
290.214376524551 37.7841326430125 18.11392
290.2143600084 37.7841388645734 18.00158
290.21546349874 37.7824474968186 17.82497
290.215445391923 37.7824506090859 17.73819
290.214339210401 37.7780297596395 16.03521
290.212896373373 37.7796390290711 19.85335
290.212364227944 37.7789935148893 20.01085
290.219437138922 37.7803094276242 18.13685
290.219424365751 37.7803118253898 17.86809
290.215878976626 37.7800330120638 17.21965
290.215863802108 37.7800393189812 17.06944
290.2248820462 37.8019163682544 20.90535
290.224859982785 37.8019209464831 20.69896
290.220076273926 37.8006508367807 19.92968
290.220053874721 37.8006572897038 19.76464
290.224513744049 37.7972383246268 19.903
290.224519592249 37.7972432060577 18.63255
290.225330886556 37.796918098293 20.00413
290.223403351372 37.7993240927235 19.30728
290.223379352964 37.7993381829548 19.1272
290.223017533399 37.8003669330089 18.97514
290.223003992847 37.8003765668953 18.8034
290.224848231802 37.8005951997074 18.35377
290.224827411563 37.8006049151547 18.23143
290.21816794448 37.8004525202462 18.9061
290.218153752325 37.8004587539428 18.50822
290.214523822474 37.7995772492458 18.42789
290.214504272316 37.7995839427682 18.32826
290.22282298459 37.7905797565096 17.89812
290.222806486767 37.790585134913 17.99063
290.223238770113 37.7912035984265 19.05225
290.224853316185 37.7946605729415 18.88746
290.224821346732 37.7946795871725 18.57007
290.223390620771 37.7947208971201 17.46567
290.223370625392 37.7946963072957 17.44838
290.217117428276 37.7929158056407 19.48912
290.218629319091 37.7917507857646 16.94225
290.218608789084 37.7917601324298 16.75278
290.219191397294 37.7941360871145 20.20519
290.218921883058 37.7932434097874 18.70979
290.219825618213 37.7909592530472 18.72071
290.21980176748 37.7909886833021 18.68373
290.222167417134 37.7931398142279 17.30447
290.222162023498 37.7931531036819 17.20816
290.221684099229 37.7968632747283 18.47597
290.221667783226 37.7968795432779 18.36128
290.218914910958 37.7993618481812 18.1464
290.21889478308 37.7993702375932 18.14057
290.218973625366 37.7978676595742 17.38675
290.21895423773 37.7978786568565 17.20997
290.194737928115 37.7927309074093 17.20076
290.193669521482 37.7932772648733 18.19473
290.193656441469 37.7932802811007 17.81858
290.197753829162 37.7892241426923 18.24815
290.197763749113 37.7892171262782 17.94199
290.197325206468 37.7914465209017 17.23499
290.196992439863 37.7906888340909 18.60507
290.196967256405 37.7907053848956 17.69395
290.197959357815 37.7950814349642 18.0149
290.1985938971 37.7923060398273 15.55685
290.198577477112 37.7922975143644 15.43101
290.198582534283 37.7923085704404 15.40055
290.195670144953 37.7922938397911 18.5784
290.195677017575 37.7922978674037 18.04893
290.2026965375 37.7890826668521 18.53171
290.20268188527 37.7890901535249 18.49619
290.2030573866 37.7867577927045 15.79242
290.203067546202 37.7867469097113 15.95483
290.203061572741 37.7867524473597 15.47481
290.202219291003 37.786427505023 15.96994
290.203112764264 37.7875391739742 16.65865
290.203102849698 37.7875605172494 16.4876
290.203886273912 37.7874333983151 18.07471
290.203866452365 37.7874419028919 17.8187
290.204308618101 37.7946090777531 18.71912
290.204294638235 37.7946122189042 18.56024
290.206842772582 37.792609998884 16.42584
290.207604063445 37.7947142229914 19.33418
290.207201464314 37.7932257585574 18.66712
290.205452939013 37.7956395787919 18.39424
290.205436059489 37.7956428215478 18.33143
290.202681306074 37.7947032747861 18.5969
290.202698161849 37.7946993781273 18.75249
290.201649622156 37.7926454941993 17.27953
290.201666663941 37.7926425042187 17.34355
290.210767506297 37.792676178254 15.20715
290.214533302948 37.7933590040913 18.25543
290.21451543255 37.7933697090122 18.1558
290.211408789226 37.7939210248866 17.98685
290.211446584666 37.7939227592203 18.38486
290.21053626844 37.7936213767307 18.18109
290.210504914495 37.7936263077827 17.49233
290.205196684263 37.7836885336709 19.95387
290.208796712325 37.7842262430579 19.24137
290.206077923078 37.7845806150368 18.48977
290.209654996089 37.7849465116988 19.07627
290.207316335288 37.7875902996914 18.64324
290.207335335402 37.7875859338784 18.24263
290.208579435715 37.7882357864668 17.29575
290.20991330955 37.7863594124333 18.52248
290.221274824096 37.787934347212 18.39823
290.221262251863 37.7879371649347 18.28759
290.2163891989 37.7926217931486 18.76356
290.218508026407 37.7908997403505 17.76487
290.218488839249 37.7908992440918 17.80843
290.218481309136 37.787566814777 16.44939
290.21381819922 37.7890076849622 18.33268
290.213804784789 37.7890143194971 18.29436
290.213035884274 37.7881813847621 18.26993
290.213018338361 37.7881868722828 18.06187
290.213457087294 37.7914592758173 18.00441
290.213436855218 37.7914690597432 17.88656
290.208454980582 37.7911763014117 13.66463
290.208472850724 37.7911703162901 14.0154
290.208486698621 37.7911859042437 14.743
290.209905883323 37.7889164813979 18.2863
290.211316840201 37.7920293807151 18.2955
290.211261752935 37.7920518626268 17.34011
290.212099911712 37.7895309031351 18.47756
290.252560262 37.7804209404846 17.41974
290.25253786879 37.7804379446653 17.27772
290.245695516183 37.7791622870157 18.59755
290.245673454939 37.779173003432 18.434
290.247781283682 37.7762861246368 18.53386
290.24803645728 37.7772933697916 17.26249
290.248019925312 37.777306730651 17.1655
290.247299175688 37.7784966318136 19.37323
290.247238997321 37.7784836196691 18.63589
290.249560592548 37.776641435385 17.76572
290.249541766186 37.7766549074907 17.55597
290.249140123356 37.7794877145656 17.69668
290.249125783766 37.7795024530497 17.56474
290.250221746099 37.7791745424247 19.4041
290.250205836918 37.7791859828387 19.30154
290.236081489918 37.7762026990478 18.01276
290.239385986415 37.7765640420675 19.24063
290.239407515433 37.7765536860312 19.33793
290.242033664679 37.7737674019609 19.48491
290.242718690166 37.7740558252328 18.3916
290.242757538309 37.7740470626503 18.47982
290.241196511499 37.7731351371626 17.80234
290.241176224331 37.773148356197 17.56987
290.242089394713 37.7774984377936 17.98464
290.242070793773 37.7775138207791 17.89778
290.242166940057 37.7768038912578 18.69437
290.242196200274 37.7767633329599 18.96552
290.241788505766 37.7746067745072 18.18211
290.241808995564 37.7745941637273 18.31263
290.248358279532 37.768311886377 20.35996
290.246770774213 37.7682534403913 17.76445
290.246748906146 37.7682670284143 17.43649
290.246461591161 37.767631284504 19.33892
290.246922288487 37.7719715602995 18.04261
290.24622746026 37.7713926159895 20.45431
290.248604144272 37.7743517993602 16.37309
290.247789383255 37.7762491262802 19.01205
290.244174961416 37.7745649522437 19.51372
290.220764561613 37.7687688490296 16.80397
290.221064513819 37.7704477876079 17.54147
290.221050064525 37.7704537073475 17.8356
290.224245618645 37.7671804517834 17.85689
290.224225584892 37.7671899731981 18.11578
290.222731601481 37.7690631590718 16.03507
290.222045301046 37.7685580218275 17.60225
290.222023041363 37.7685658663016 17.14295
290.223241374502 37.7689478528516 18.49834
290.223212418322 37.7689547339369 18.68268
290.22631664192 37.7737479352858 17.21461
290.226351774068 37.7737756172361 16.65017
