notebooks/DrizzlePac/align_to_catalogs/sdss.ecsv
# %ECSV 1.0
# ---
# datatype:
# - {name: ra, datatype: float64}
# - {name: dec, datatype: float64}
# - {name: g, datatype: float64}
# meta: !!omap
# - comments: [Table1]
# schema: astropy-2.0
ra dec g
[from data line 752]
290.277002239598 37.7910033133059 17.7809
290.276997405372 37.7909994788489 18.39791
290.277057392996 37.7910203427624 18.34351
290.274704603188 37.7891141064558 18.63407
290.275318842526 37.7908693448888 17.32339
290.275347810743 37.7908757260822 17.93358
290.275348800436 37.7908485829447 17.37611
290.275329067334 37.7908602425205 17.19865
290.277282483546 37.7923258519367 19.08481
290.277325184872 37.7922924173526 19.14089
290.277317866471 37.7922950562648 18.96321
290.279563801968 37.7956750877049 17.4018
290.279607369984 37.7957974975714 17.23922
290.279631251659 37.7957811997003 17.35821
290.279612422018 37.7957923011425 17.19625
290.280382109258 37.7943833253977 18.60493
290.280347951888 37.7943906081845 18.62643
290.280347804477 37.7943846304882 18.37749
290.266623366559 37.8082204179189 16.79418
290.266635683181 37.8082039585284 16.81141
290.265541179013 37.8089188348241 18.27203
290.262155453756 37.7999032523787 18.1344
290.262149779534 37.7999010317785 18.1432
290.262167589724 37.7998832380619 18.3544
290.260504610017 37.8009962004828 17.59303
290.260509267742 37.8010229903797 17.81182
290.260528958127 37.8010348484356 18.01619
290.260095010656 37.8006939040799 17.72582
290.260097678013 37.8006949178538 17.34236
290.260092397025 37.800666617798 17.71484
290.260139894939 37.8007004825432 16.93111
290.26009034057 37.799833488437 18.33905
290.260053353105 37.7998797681092 18.16596
290.260040373477 37.7998648037534 17.89853
290.265282391044 37.8009735329529 17.47116
290.265296565287 37.8009536328269 17.52727
290.265307385014 37.8009553147238 17.53679
290.265287965917 37.800974035426 17.53197
290.264073978243 37.8022055799584 18.96399
290.264078735912 37.8022035952744 18.93383
290.264097316047 37.8021851749746 19.11838
290.262991057134 37.7998168113072 19.17093
290.262999595587 37.799820327611 18.85221
290.263038894684 37.799802347867 19.02027
290.273854439332 37.8049766475092 17.17159
290.273888229908 37.8049954009056 17.41094
290.271461229056 37.8052097343314 19.86057
290.272260040381 37.8058341185153 19.04682
290.271084802984 37.8057601666287 19.1008
290.271088190778 37.8057138742468 -9999.0
290.273355220718 37.8050819871214 17.29852
290.273384822093 37.804970753753 -9999.0
290.273321102984 37.8050850540106 17.7288
290.263631969022 37.8041121631479 19.1776
290.263653942215 37.8040891350856 19.35731
290.263635090626 37.8041124026493 19.19497
290.264405290983 37.8049711566784 20.16055
290.264389429706 37.805015494831 20.01596
290.26437634924 37.8049935131371 19.95541
290.272226535346 37.8014261649711 26.33222
290.274815152976 37.7993736308255 16.13595
290.274800891914 37.7993938284574 16.11324
290.27482391543 37.7993757145458 16.16263
290.274807588715 37.799392577291 16.08992
290.274794783948 37.7993797493131 16.67577
290.273326482252 37.7987107743358 18.95569
290.273339586903 37.7987010389543 19.74175
290.273332721403 37.7987152029854 19.46276
290.263423098807 37.7944141141373 19.30095
290.263400208396 37.7944302945482 19.09879
290.263428091801 37.7944884031323 -9999.0
290.264207697961 37.7957150866721 17.94261
290.264184798909 37.7957362477635 17.81609
290.264186457819 37.7957275931085 17.80503
290.268476708353 37.7986213086535 18.45744
290.268479957156 37.7986207546764 18.40821
290.268498193757 37.7985902269825 18.48674
290.268482423322 37.7986091392773 18.43221
290.268152689002 37.7949830912223 22.57563
290.270871438173 37.8162121530668 20.0452
290.278982933128 37.8184671385677 18.64339
290.277577711659 37.8206269532709 18.49211
290.277874509661 37.8199921495059 19.96341
290.27267026656 37.8237434051373 24.76583
290.274352594005 37.8220354289598 17.85123
290.274352594005 37.8220354289598 17.85196
290.274337096917 37.8220582409856 17.84225
290.270511033633 37.8195501020765 19.83011
290.270480382096 37.8213814388206 22.30372
290.270874203782 37.8226944907456 22.08236
290.272985102846 37.8304233243224 18.49052
290.271940708176 37.8299634702966 17.14826
290.271926522984 37.829984195291 17.22151
290.275402337104 37.8306102961488 18.11258
290.275933812535 37.8310870484195 17.40316
290.274013698459 37.8311477860135 18.36106
290.283624888732 37.8190091314441 16.23261
290.283578534163 37.8188847626382 16.26002
290.284984175041 37.8174762381638 18.87799
290.266520671484 37.8145428253445 17.78364
290.266381247659 37.8138235514273 19.94304
290.26835911157 37.8137881916042 19.75349
290.268622673086 37.8130109564335 18.54281
290.277336134254 37.8076339239456 18.88854
290.280477863794 37.8181430092278 18.80721
290.276779043424 37.816304793675 18.00495
290.275985293343 37.816243548091 19.02143
290.283574888095 37.7969580855174 14.88874
290.283641708727 37.797060651931 14.63111
290.283630605056 37.7970854835495 15.00462
290.283634130515 37.7970613857555 14.63475
290.282449555241 37.7994883239746 18.26498
290.282476187045 37.7995111362788 17.99555
290.282500587758 37.7994957582174 -9999.0
290.282482237014 37.7995079376224 17.99799
290.284048994877 37.8042126121659 19.45514
290.281585433444 37.8026189518042 18.32625
290.281900344229 37.8013723974078 18.70584
290.278055464006 37.8066723086885 17.84369
290.283753429404 37.8056227318671 18.89683
290.287123144437 37.8091450067962 16.74503
290.282542696975 37.8181081343167 19.3419
290.283078227493 37.8173720106949 17.85468
290.284734834619 37.8148303840784 19.4523
290.283847564744 37.81585090862 19.53187
290.285358835984 37.8083128725395 16.59121
290.283949748593 37.8098111017078 16.64753
290.283954561113 37.8100147381711 16.55286
290.284921263957 37.8089796896208 16.5736
290.284231147874 37.8096757863607 14.21147
290.28428527918 37.8097869295742 14.38827
290.199626452089 37.8240298724509 -9999.0
290.194488347242 37.8230707742476 17.8407
290.193886107299 37.8132399816867 17.57459
290.193885438011 37.8132317545408 17.4931
290.196908370849 37.8123798532899 18.0073
290.196906202671 37.8123720179687 17.85989
290.193555239743 37.8168820077761 18.89696
290.193564415066 37.8168675579058 18.62313
290.194451729348 37.8164350746625 17.45967
290.194447225357 37.8164246047475 17.417
290.194430671796 37.8144514139601 17.96535
290.194428909439 37.8144410176467 17.84289
290.192715072175 37.8195907223798 15.91472
290.167780597012 37.8162008657359 18.40353
290.167772120478 37.8161987550042 18.28363
290.167521197489 37.817073685653 19.14228
290.167503425031 37.8170799765496 -9999.0
290.167516248642 37.8170726241846 19.08484
290.173181903854 37.814887298672 18.27053
290.173175493564 37.8148816431942 18.19114
290.173001621532 37.8135740227229 20.04673
290.172989173128 37.8135763698131 19.88677
290.18240085881 37.818770513933 13.29947
290.182403323969 37.818779352068 13.30709
290.182414104573 37.8187745672187 14.13203
290.176477202429 37.8192780519631 19.81403
290.176467907149 37.8192768772513 19.76473
290.176786716363 37.8177574990263 17.69442
290.176777894718 37.8177554271754 17.58374
290.179710040606 37.8175452470987 17.15379
290.179717473386 37.8175715152443 16.53023
290.180423994199 37.8183681496377 19.39622
290.180397681343 37.8184233217306 15.87391
290.177582644395 37.8141123923317 21.76721
290.176532710474 37.8124909492059 20.43785
290.176532710224 37.8124909492315 20.43728
290.192630278867 37.7975544972341 17.29981
290.192628234131 37.7975559751799 17.09001
290.190765151198 37.7970168033787 18.72018
290.190763830591 37.7970161793946 18.82167
290.193788434546 37.8007808265147 19.42212
290.192590058219 37.7996973300263 18.15598
290.193236233982 37.8002609390396 16.58328
290.186377228396 37.7995993170131 18.06843
290.18637442613 37.7995975987979 17.95437
290.188228150145 37.7982582288132 19.21596
290.188223349758 37.7982566439675 19.04704
290.190136595573 37.7979767493566 17.95445
290.190130466449 37.7979752247914 17.99704
290.191687378937 37.7985921571241 15.21586
290.191683447352 37.7985798290654 15.0261
290.191680949773 37.7985924961998 15.32645
290.19026892433 37.8062287807987 18.83048
290.190264582752 37.8062241219064 18.69349
290.194471557649 37.8042012532256 19.64552
290.194465345031 37.8042027949328 19.46533
290.184693615883 37.806729769827 19.18754
290.184689589939 37.8067201300568 19.04288
290.183130346507 37.8042286690085 19.00773
290.18311661299 37.804222747929 19.0737
290.182601958778 37.8036214182181 19.38407
290.182589632605 37.8036210800009 19.09229
290.188317321124 37.8064674009152 18.5851
290.188315804252 37.8064638684385 18.45736
290.187409633053 37.8053143767016 19.93044
290.188886092807 37.8053556449309 17.94781
290.188871081573 37.8053563590721 17.77138
290.187770060796 37.8008738446849 19.22619
290.187764761065 37.800871575538 19.06306
290.188421915846 37.8023140549458 19.1014
290.188411810383 37.8023168032547 18.99986
290.188330619504 37.8030574382527 17.51981
290.188328127493 37.8030540852027 17.40526
290.184560815657 37.8089265008689 18.66481
290.184561306778 37.8089140750122 18.62429
290.183284731703 37.8084044337811 18.08324
290.183281240781 37.8083954090299 17.95509
290.196109262321 37.8109826040208 16.96734
290.196107745347 37.8109745339569 16.85744
290.195337689661 37.8117591487795 19.4782
290.195314161766 37.811530994906 16.02876
290.194497780169 37.8115219830898 17.46538
290.194502088845 37.8115113566667 17.31394
290.190147671364 37.8141406709051 18.67416
290.19014514064 37.814133986253 18.58707
290.192385568299 37.8122906879918 20.28392
290.192227886779 37.8110974570985 18.00721
290.192225116961 37.8110890823259 17.90344
290.191368743717 37.8121704679387 19.30345
290.191363413058 37.812163485275 19.04265
290.184440195048 37.8197558079049 18.32525
290.184433502235 37.8197523023045 17.75363
290.186860382926 37.8153617624468 17.97249
290.18894450287 37.814751604943 19.67469
290.188936222091 37.8147443552878 19.46943
290.188283485468 37.8124606077622 18.18269
290.188282814125 37.8124552583514 18.06289
290.164836343614 37.813016608677 -9999.0
290.163629946163 37.8106907805921 -9999.0
290.163569037986 37.810681888353 17.65808
290.163550225389 37.8106849142882 -9999.0
290.163559760435 37.8106784742698 17.56985
290.181752332827 37.7756890115892 19.04482
290.181739574885 37.7756946634379 18.81562
290.184666677694 37.77214933621 18.95856
290.184657883555 37.7721512339732 19.07067
290.181941276924 37.7720836669457 18.2016
290.184607440005 37.7743204363562 19.66892
290.184599331426 37.7743250949771 19.50593
290.182218810371 37.7745538121181 18.76157
290.182230586038 37.7745482484705 18.85339
290.174315264548 37.7742689803519 17.98338
290.174306976413 37.7742696590667 17.87341
290.180983548715 37.771778570913 17.20268
290.180984967562 37.7717699446397 17.50809
290.18631865004 37.7916163648204 18.3877
290.186308499429 37.7916153483656 18.25732
290.188949161736 37.787308567074 17.828
290.188942790352 37.787352025381 17.94678
290.18978657176 37.788926611265 18.5603
290.188891588025 37.7883245703376 15.33771
290.188885733431 37.7883133364121 15.28622
290.188882745514 37.7883266803824 15.30284
290.190467483538 37.7900395170348 18.82701
290.190465905304 37.7900424656441 18.79043
290.189199654706 37.7909560853819 18.94209
290.18918646662 37.7909565205713 18.61026
290.188241992159 37.7917746498605 18.37252
290.188237763376 37.791786708608 18.23631
290.178071606613 37.7898492447784 18.99705
290.178073912585 37.7898496914168 19.40085
290.179982090738 37.7853534784716 18.77248
290.180006248481 37.7853572046182 18.93931
290.180756254308 37.7897931319773 18.08707
290.180758013424 37.7897929887643 18.03408
290.179385135141 37.7892191599238 19.66647
290.186370069647 37.784541690265 18.40783
290.186360904075 37.7845426054045 18.01494
290.181845570588 37.7824861016756 18.00468
290.181838453461 37.7824876948789 17.8934
290.181538562227 37.7838762087139 15.4741
290.181532830563 37.7838675853483 15.44384
290.181532652373 37.7838784856796 15.41418
290.185662684798 37.7874087307491 16.87964
290.185654246293 37.7874107146799 16.7186
290.186409930161 37.7857226468826 18.94994
290.183874542039 37.7881968449627 18.50769
290.18387725242 37.7882003103165 18.47085
290.170161372135 37.7798491378562 22.55561
290.170144404767 37.7798537835014 22.6137
290.171673817561 37.7867070801538 18.32278
290.17170115092 37.7867379928226 17.88005
290.171989995929 37.7871255276702 18.93585
290.16869408035 37.7851200117044 17.53936
290.168699571632 37.7851216953796 17.63503
290.170046698867 37.7867843470347 18.63623
290.170041304558 37.7867843145207 18.51205
290.16551179945 37.7854656715814 17.94277
290.165507804665 37.7854670958159 17.89907
290.17378842676 37.7879108517172 19.77674
290.173780327094 37.7879096684642 19.64793
290.174714940693 37.7856959470122 18.74468
290.175445023506 37.7872473025952 18.11797
290.175438626878 37.7872411101261 17.9847
290.171912676232 37.782904984349 17.73254
290.171906269299 37.7829046284016 17.64685
290.172827140468 37.7846620350002 16.72591
290.17282123475 37.7846605434139 16.58729
290.175854962052 37.7856024257406 17.78803
290.175851706605 37.7855983951252 17.46576
290.175901142363 37.7761018389854 18.55242
290.175901277894 37.7761127469842 18.38027
290.175257483306 37.7757023742629 19.10387
290.175268441296 37.7757076932531 18.98614
290.18521236887 37.7786620437636 18.00763
290.185202070971 37.7786652342084 17.89176
290.183750359594 37.7773308072095 18.7772
290.183757792616 37.7773258444922 19.07505
290.180434418764 37.7770640318402 18.15833
290.180435555689 37.777065613221 18.01055
290.182024602438 37.7782555196615 15.81272
290.182018332704 37.7782456164837 15.78233
290.182017479366 37.7782586894041 15.78904
290.181671031013 37.7777672872566 19.8439
290.182455675052 37.7792343612924 18.48292
290.182465017081 37.7792110604523 18.03123
290.177684203091 37.7811475466566 16.57711
290.17767723852 37.7811490273016 16.51213
290.176206728428 37.7816436340301 18.27937
290.176203806661 37.7816439765541 18.14046
290.17651074418 37.7800137896988 18.92872
290.176504451507 37.7800135739583 18.8131
290.169985973408 37.790175808066 19.33655
290.169988264806 37.7901575551771 19.39614
290.16972910083 37.7911802621142 16.69739
290.169724392236 37.7911802456755 16.61537
290.166730031929 37.7941179516045 19.20919
290.166719515672 37.7941125746447 19.05066
290.164790571795 37.7937574567899 18.03237
290.164786088475 37.7937525170789 17.79963
290.164896382919 37.7927745673094 18.00858
290.164890378717 37.7927755517612 17.81655
290.165744840454 37.7928750483013 18.35122
290.165724330181 37.7928809165106 18.54688
290.164967464553 37.7872354607763 18.6453
290.164960448772 37.787237192392 18.49528
290.164494772223 37.7887422850601 19.24796
290.164492692911 37.7887432207811 18.69391
290.190109439903 37.7951481754193 18.93839
290.190095480787 37.7951543665929 18.81159
290.178655146931 37.803584834528 17.3494
290.178003852565 37.8006166128639 18.50863
290.177989516177 37.8006032984164 18.42023
290.184397971533 37.8000779226661 19.57917
290.184388360918 37.8000801240569 19.42675
290.181283500158 37.7996972128683 19.86381
290.180310560724 37.7997268932907 17.48864
290.180304122605 37.7997249977582 17.50215
290.177042720018 37.791380651828 15.64433
290.177038137745 37.7913656569398 15.55753
290.177035656639 37.7913767667581 15.589
290.181321803084 37.7927036892098 18.3408
290.181322849027 37.7927012108601 18.22931
290.179421048043 37.7923217752859 19.62915
290.179401574205 37.7923102432328 19.80253
290.180706231264 37.7920528972749 18.21413
290.180707163301 37.7920508251325 18.2708
290.175956665539 37.7928925454448 19.47871
290.175942844687 37.7929070112539 19.58367
290.178631560941 37.7913620693486 19.2607
290.178633671023 37.7913636450712 18.80282
290.177577211273 37.7923446030112 18.93801
290.177570712108 37.7923837714352 19.96908
290.166526639166 37.8152454025413 18.69518
290.166489318331 37.8152575861738 -9999.0
290.166516758795 37.8152442241288 18.57049
290.165385975878 37.8096132572867 18.33829
290.165380657175 37.8096113246601 18.21971
290.163955976587 37.8013395406422 15.43279
290.163953620634 37.8013519155487 15.38567
290.163957952593 37.8013551069127 15.42811
290.167009171318 37.802104577221 18.34916
290.167008164578 37.8020987640888 18.49421
